Select group for output
Selected 0: 'System'
read in 5000000 states
Matrix:
  0.6342   0.3025   0.0597   0.0034   0.0002   0.0000   0.0000   0.0000   0.0000   0.0000   0.0000   0.0000   0.0000   0.0000   0.0000   0.0000   0.0000   0.0000 
  0.3046   0.4239   0.2380   0.0308   0.0023   0.0003   0.0000   0.0000   0.0000   0.0000   0.0000   0.0000   0.0000   0.0000   0.0000   0.0000   0.0000   0.0000 
  0.0607   0.2404   0.4576   0.2033   0.0310   0.0060   0.0008   0.0002   0.0000   0.0000   0.0000   0.0000   0.0000   0.0000   0.0000   0.0000   0.0000   0.0000 
  0.0034   0.0311   0.2035   0.4459   0.2189   0.0755   0.0159   0.0047   0.0009   0.0002   0.0000   0.0000   0.0000   0.0000   0.0000   0.0000   0.0000   0.0000 
  0.0002   0.0023   0.0308   0.2172   0.3492   0.2485   0.0981   0.0395   0.0111   0.0026   0.0006   0.0001   0.0000   0.0000   0.0000   0.0000   0.0000   0.0000 
  0.0000   0.0003   0.0059   0.0749   0.2486   0.2998   0.1998   0.1080   0.0423   0.0140   0.0045   0.0011   0.0003   0.0001   0.0001   0.0000   0.0000   0.0000 
  0.0000   0.0000   0.0008   0.0158   0.0983   0.2000   0.2424   0.1921   0.1167   0.0624   0.0334   0.0156   0.0084   0.0051   0.0034   0.0025   0.0019   0.0010 
  0.0000   0.0000   0.0002   0.0046   0.0394   0.1078   0.1916   0.1953   0.1551   0.1069   0.0717   0.0425   0.0273   0.0189   0.0139   0.0108   0.0087   0.0053 
  0.0000   0.0000   0.0000   0.0009   0.0111   0.0420   0.1158   0.1543   0.1578   0.1346   0.1074   0.0762   0.0559   0.0426   0.0339   0.0279   0.0236   0.0160 
  0.0000   0.0000   0.0000   0.0002   0.0026   0.0138   0.0619   0.1062   0.1344   0.1351   0.1225   0.0993   0.0805   0.0662   0.0559   0.0480   0.0423   0.0312 
  0.0000   0.0000   0.0000   0.0000   0.0006   0.0045   0.0331   0.0713   0.1074   0.1226   0.1224   0.1100   0.0962   0.0840   0.0742   0.0662   0.0600   0.0475 
  0.0000   0.0000   0.0000   0.0000   0.0001   0.0011   0.0155   0.0423   0.0763   0.0996   0.1102   0.1115   0.1068   0.1003   0.0940   0.0879   0.0828   0.0716 
  0.0000   0.0000   0.0000   0.0000   0.0000   0.0003   0.0084   0.0272   0.0561   0.0808   0.0966   0.1071   0.1099   0.1092   0.1069   0.1037   0.1007   0.0932 
  0.0000   0.0000   0.0000   0.0000   0.0000   0.0001   0.0051   0.0188   0.0428   0.0666   0.0844   0.1006   0.1092   0.1136   0.1154   0.1155   0.1150   0.1128 
  0.0000   0.0000   0.0000   0.0000   0.0000   0.0001   0.0034   0.0139   0.0341   0.0562   0.0746   0.0943   0.1070   0.1155   0.1209   0.1241   0.1262   0.1298 
  0.0000   0.0000   0.0000   0.0000   0.0000   0.0000   0.0025   0.0108   0.0281   0.0485   0.0668   0.0885   0.1042   0.1160   0.1245   0.1305   0.1351   0.1446 
  0.0000   0.0000   0.0000   0.0000   0.0000   0.0000   0.0019   0.0088   0.0238   0.0427   0.0607   0.0835   0.1014   0.1157   0.1268   0.1353   0.1421   0.1573 
  0.0000   0.0000   0.0000   0.0000   0.0000   0.0000   0.0010   0.0053   0.0161   0.0315   0.0479   0.0721   0.0936   0.1132   0.1301   0.1445   0.1569   0.1876 
Eigenvalues
      1  0.9612  0.8185  0.5954  0.4212    0.27  0.1523 0.09334 0.04748 0.01637  0.0035 0.000463 3.474e-05 2.795e-06 8.979e-07 -3.84e-07 -1.206e-06 -3.292e-06 
Estimated mixing time (estimated):    2.577 +/-    0.007
Matrix:
  0.6355   0.3010   0.0599   0.0035   0.0001   0.0000   0.0000   0.0000   0.0000   0.0000   0.0000   0.0000   0.0000   0.0000   0.0000   0.0000   0.0000   0.0000 
  0.3046   0.4245   0.2377   0.0305   0.0023   0.0003   0.0000   0.0000   0.0000   0.0000   0.0000   0.0000   0.0000   0.0000   0.0000   0.0000   0.0000   0.0000 
  0.0609   0.2389   0.4608   0.2022   0.0300   0.0060   0.0008   0.0002   0.0001   0.0000   0.0000   0.0000   0.0000   0.0000   0.0000   0.0000   0.0000   0.0000 
  0.0035   0.0307   0.2029   0.4454   0.2210   0.0755   0.0152   0.0046   0.0009   0.0002   0.0000   0.0000   0.0000   0.0000   0.0000   0.0000   0.0000   0.0000 
  0.0001   0.0023   0.0298   0.2192   0.3480   0.2477   0.0974   0.0410   0.0113   0.0026   0.0005   0.0001   0.0000   0.0000   0.0000   0.0000   0.0000   0.0000 
  0.0000   0.0003   0.0060   0.0748   0.2474   0.3043   0.1985   0.1065   0.0419   0.0140   0.0045   0.0011   0.0004   0.0001   0.0001   0.0001   0.0000   0.0000 
  0.0000   0.0000   0.0008   0.0151   0.0975   0.1991   0.2468   0.1901   0.1173   0.0627   0.0326   0.0157   0.0082   0.0054   0.0033   0.0024   0.0018   0.0010 
  0.0000   0.0000   0.0002   0.0045   0.0410   0.1066   0.1898   0.1951   0.1567   0.1074   0.0716   0.0426   0.0278   0.0185   0.0138   0.0108   0.0085   0.0051 
  0.0000   0.0000   0.0001   0.0009   0.0112   0.0416   0.1160   0.1552   0.1574   0.1340   0.1079   0.0780   0.0553   0.0421   0.0330   0.0274   0.0238   0.0161 
  0.0000   0.0000   0.0000   0.0002   0.0026   0.0139   0.0619   0.1061   0.1337   0.1343   0.1216   0.0999   0.0813   0.0653   0.0564   0.0480   0.0429   0.0320 
  0.0000   0.0000   0.0000   0.0000   0.0005   0.0044   0.0323   0.0711   0.1083   0.1222   0.1220   0.1096   0.0968   0.0841   0.0746   0.0677   0.0592   0.0471 
  0.0000   0.0000   0.0000   0.0000   0.0001   0.0011   0.0156   0.0424   0.0783   0.1005   0.1097   0.1089   0.1060   0.1000   0.0944   0.0882   0.0839   0.0710 
  0.0000   0.0000   0.0000   0.0000   0.0000   0.0004   0.0082   0.0277   0.0557   0.0822   0.0974   0.1064   0.1091   0.1094   0.1054   0.1034   0.1011   0.0934 
  0.0000   0.0000   0.0000   0.0000   0.0000   0.0001   0.0054   0.0185   0.0425   0.0659   0.0845   0.1003   0.1093   0.1152   0.1164   0.1140   0.1141   0.1136 
  0.0000   0.0000   0.0000   0.0000   0.0000   0.0001   0.0033   0.0137   0.0333   0.0570   0.0750   0.0947   0.1053   0.1163   0.1201   0.1240   0.1267   0.1305 
  0.0000   0.0000   0.0000   0.0000   0.0000   0.0001   0.0024   0.0108   0.0277   0.0486   0.0683   0.0888   0.1037   0.1144   0.1244   0.1323   0.1348   0.1437 
  0.0000   0.0000   0.0000   0.0000   0.0000   0.0000   0.0018   0.0085   0.0241   0.0435   0.0598   0.0846   0.1016   0.1147   0.1273   0.1350   0.1402   0.1588 
  0.0000   0.0000   0.0000   0.0000   0.0000   0.0000   0.0010   0.0051   0.0163   0.0324   0.0473   0.0713   0.0934   0.1136   0.1305   0.1433   0.1580   0.1880 
Eigenvalues
      1  0.9613   0.819  0.5962  0.4226  0.2714   0.152 0.09575 0.04799 0.01805 0.005076 0.003818 0.001426 0.001363 -5.938e-05 -0.001365 -0.002834 -0.003788 
Estimated mixing time (empirical):    2.586 +/-    0.009
average end-to-end trip time is:    88.41 +/-     2.66 (1131 trips)
average forward end-to-end trip time is:    58.02 +/-     2.07 (566 trips)
average reverse end-to-end trip time is:   118.85 +/-     4.55 (565 trips)
autocorrelation time of states:    42.86 +/-     2.38
on structure 100000
(array([16047,  4110,  3288,  3121,  3232,  3459,  3778,  4100,  4665,
        4857,  5050,  5153,  5154,  5336,  5744,  6169,  5795,  4761,
        3216,  1823,   777,   270,    77,    16,     3]), array([ -0.5,   0.5,   1.5,   2.5,   3.5,   4.5,   5.5,   6.5,   7.5,
         8.5,   9.5,  10.5,  11.5,  12.5,  13.5,  14.5,  15.5,  16.5,
        17.5,  18.5,  19.5,  20.5,  21.5,  22.5,  23.5,  24.5]))
Time correlation of number of particles less than   0.50:    41.52 +/-  2.032

