Select group for output
Selected 0: 'System'
read in 5000000 states
Matrix:
  0.4962   0.4325   0.0677   0.0033   0.0002   0.0000   0.0000   0.0000   0.0000   0.0000   0.0000   0.0000   0.0000   0.0000   0.0000   0.0000   0.0000   0.0000 
  0.4321   0.1959   0.3360   0.0332   0.0024   0.0003   0.0000   0.0000   0.0000   0.0000   0.0000   0.0000   0.0000   0.0000   0.0000   0.0000   0.0000   0.0000 
  0.0689   0.3421   0.2705   0.2783   0.0331   0.0061   0.0008   0.0002   0.0000   0.0000   0.0000   0.0000   0.0000   0.0000   0.0000   0.0000   0.0000   0.0000 
  0.0034   0.0340   0.2796   0.2760   0.2987   0.0863   0.0164   0.0046   0.0010   0.0001   0.0000   0.0000   0.0000   0.0000   0.0000   0.0000   0.0000   0.0000 
  0.0002   0.0024   0.0330   0.2964   0.1604   0.3397   0.1120   0.0416   0.0113   0.0025   0.0006   0.0001   0.0000   0.0000   0.0000   0.0000   0.0000   0.0000 
  0.0000   0.0003   0.0061   0.0859   0.3405   0.1198   0.2563   0.1250   0.0451   0.0144   0.0047   0.0011   0.0003   0.0001   0.0001   0.0000   0.0000   0.0000 
  0.0000   0.0000   0.0008   0.0162   0.1117   0.2552   0.0879   0.2463   0.1361   0.0690   0.0366   0.0165   0.0089   0.0054   0.0036   0.0026   0.0020   0.0011 
  0.0000   0.0000   0.0002   0.0045   0.0412   0.1237   0.2448   0.0596   0.1888   0.1224   0.0798   0.0456   0.0290   0.0199   0.0146   0.0113   0.0092   0.0055 
  0.0000   0.0000   0.0000   0.0009   0.0111   0.0443   0.1342   0.1875   0.0464   0.1596   0.1226   0.0835   0.0599   0.0450   0.0354   0.0289   0.0244   0.0163 
  0.0000   0.0000   0.0000   0.0001   0.0024   0.0142   0.0680   0.1214   0.1594   0.0377   0.1420   0.1109   0.0876   0.0708   0.0590   0.0504   0.0440   0.0320 
  0.0000   0.0000   0.0000   0.0000   0.0006   0.0047   0.0361   0.0793   0.1227   0.1422   0.0312   0.1240   0.1058   0.0909   0.0793   0.0704   0.0634   0.0494 
  0.0000   0.0000   0.0000   0.0000   0.0001   0.0011   0.0163   0.0454   0.0837   0.1114   0.1243   0.0238   0.1195   0.1107   0.1026   0.0955   0.0894   0.0763 
  0.0000   0.0000   0.0000   0.0000   0.0000   0.0003   0.0088   0.0290   0.0602   0.0882   0.1063   0.1198   0.0193   0.1221   0.1187   0.1147   0.1108   0.1017 
  0.0000   0.0000   0.0000   0.0000   0.0000   0.0001   0.0054   0.0199   0.0452   0.0714   0.0914   0.1111   0.1222   0.0179   0.1303   0.1300   0.1291   0.1260 
  0.0000   0.0000   0.0000   0.0000   0.0000   0.0001   0.0036   0.0146   0.0356   0.0594   0.0798   0.1030   0.1188   0.1304   0.0194   0.1422   0.1445   0.1485 
  0.0000   0.0000   0.0000   0.0000   0.0000   0.0000   0.0026   0.0113   0.0292   0.0510   0.0711   0.0962   0.1152   0.1305   0.1427   0.0235   0.1576   0.1690 
  0.0000   0.0000   0.0000   0.0000   0.0000   0.0000   0.0020   0.0092   0.0247   0.0446   0.0641   0.0902   0.1115   0.1299   0.1452   0.1578   0.0317   0.1891 
  0.0000   0.0000   0.0000   0.0000   0.0000   0.0000   0.0011   0.0056   0.0165   0.0323   0.0498   0.0767   0.1020   0.1263   0.1487   0.1687   0.1885   0.0839 
Eigenvalues
      1  0.9541  0.7864  0.5151  0.3067  0.1151 -0.01256 -0.08554 -0.1029  -0.107 -0.1133 -0.1163 -0.1266  -0.137 -0.1378 -0.1922 -0.2511 -0.2943 
Estimated mixing time (estimated):    2.181 +/-    0.005
Matrix:
  0.4963   0.4328   0.0674   0.0032   0.0002   0.0000   0.0000   0.0000   0.0000   0.0000   0.0000   0.0000   0.0000   0.0000   0.0000   0.0000   0.0000   0.0000 
  0.4315   0.1950   0.3369   0.0336   0.0027   0.0003   0.0000   0.0000   0.0000   0.0000   0.0000   0.0000   0.0000   0.0000   0.0000   0.0000   0.0000   0.0000 
  0.0687   0.3443   0.2689   0.2783   0.0330   0.0059   0.0006   0.0002   0.0000   0.0000   0.0000   0.0000   0.0000   0.0000   0.0000   0.0000   0.0000   0.0000 
  0.0033   0.0343   0.2778   0.2776   0.2979   0.0872   0.0161   0.0048   0.0010   0.0001   0.0000   0.0000   0.0000   0.0000   0.0000   0.0000   0.0000   0.0000 
  0.0002   0.0027   0.0327   0.2961   0.1614   0.3403   0.1119   0.0408   0.0106   0.0025   0.0006   0.0001   0.0000   0.0000   0.0000   0.0000   0.0000   0.0000 
  0.0000   0.0003   0.0059   0.0872   0.3424   0.1204   0.2526   0.1252   0.0459   0.0137   0.0048   0.0010   0.0003   0.0001   0.0001   0.0000   0.0000   0.0000 
  0.0000   0.0000   0.0006   0.0160   0.1121   0.2515   0.0882   0.2471   0.1363   0.0703   0.0372   0.0164   0.0089   0.0056   0.0036   0.0029   0.0022   0.0010 
  0.0000   0.0000   0.0002   0.0047   0.0404   0.1233   0.2445   0.0606   0.1886   0.1229   0.0798   0.0449   0.0294   0.0200   0.0152   0.0109   0.0091   0.0056 
  0.0000   0.0000   0.0000   0.0010   0.0105   0.0451   0.1342   0.1878   0.0488   0.1581   0.1220   0.0840   0.0610   0.0441   0.0347   0.0284   0.0239   0.0163 
  0.0000   0.0000   0.0000   0.0001   0.0025   0.0134   0.0691   0.1222   0.1578   0.0387   0.1404   0.1105   0.0880   0.0713   0.0591   0.0510   0.0438   0.0322 
  0.0000   0.0000   0.0000   0.0000   0.0006   0.0048   0.0368   0.0796   0.1223   0.1410   0.0322   0.1248   0.1050   0.0912   0.0781   0.0710   0.0635   0.0491 
  0.0000   0.0000   0.0000   0.0000   0.0001   0.0010   0.0162   0.0448   0.0842   0.1110   0.1248   0.0231   0.1212   0.1109   0.1016   0.0963   0.0888   0.0761 
  0.0000   0.0000   0.0000   0.0000   0.0000   0.0003   0.0088   0.0294   0.0613   0.0886   0.1053   0.1215   0.0194   0.1226   0.1195   0.1133   0.1093   0.1006 
  0.0000   0.0000   0.0000   0.0000   0.0000   0.0001   0.0055   0.0200   0.0443   0.0718   0.0914   0.1111   0.1226   0.0177   0.1294   0.1291   0.1298   0.1272 
  0.0000   0.0000   0.0000   0.0000   0.0000   0.0001   0.0036   0.0152   0.0351   0.0598   0.0788   0.1024   0.1201   0.1302   0.0197   0.1426   0.1444   0.1480 
  0.0000   0.0000   0.0000   0.0000   0.0000   0.0000   0.0029   0.0109   0.0286   0.0514   0.0712   0.0967   0.1135   0.1293   0.1420   0.0238   0.1596   0.1699 
  0.0000   0.0000   0.0000   0.0000   0.0000   0.0000   0.0022   0.0092   0.0242   0.0444   0.0642   0.0898   0.1102   0.1309   0.1448   0.1607   0.0318   0.1875 
  0.0000   0.0000   0.0000   0.0000   0.0000   0.0000   0.0010   0.0056   0.0165   0.0325   0.0495   0.0766   0.1011   0.1279   0.1479   0.1705   0.1869   0.0839 
Eigenvalues
      1  0.9541  0.7864  0.5152  0.3077  0.1148 -0.01141 -0.08488 -0.1045 -0.1078 -0.1115 -0.1155 -0.1271 -0.1346 -0.1365 -0.1923 -0.2508 -0.2936 
Estimated mixing time (empirical):    2.181 +/-    0.006
average end-to-end trip time is:    88.34 +/-     2.97 (1129 trips)
average forward end-to-end trip time is:    56.44 +/-     1.91 (565 trips)
average reverse end-to-end trip time is:   120.29 +/-     5.29 (564 trips)
autocorrelation time of states:    48.61 +/-     4.02
on structure 100000
(array([15163,  3987,  3077,  3016,  3122,  3270,  3696,  4202,  4618,
        4899,  5170,  5189,  5345,  5613,  5968,  6139,  6053,  4868,
        3521,  1935,   801,   257,    80,    10,     1,     1]), array([ -0.5,   0.5,   1.5,   2.5,   3.5,   4.5,   5.5,   6.5,   7.5,
         8.5,   9.5,  10.5,  11.5,  12.5,  13.5,  14.5,  15.5,  16.5,
        17.5,  18.5,  19.5,  20.5,  21.5,  22.5,  23.5,  24.5,  25.5]))
Time correlation of number of particles less than   0.50:    46.68 +/-  3.388

