Select group for output
Selected 0: 'System'
read in 5000000 states
Matrix:
  0.6322   0.3040   0.0606   0.0030   0.0002   0.0000   0.0000   0.0000   0.0000   0.0000   0.0000   0.0000   0.0000   0.0000   0.0000   0.0000   0.0000   0.0000 
  0.3047   0.4241   0.2379   0.0305   0.0023   0.0004   0.0001   0.0000   0.0000   0.0000   0.0000   0.0000   0.0000   0.0000   0.0000   0.0000   0.0000   0.0000 
  0.0617   0.2418   0.4560   0.2021   0.0310   0.0064   0.0009   0.0002   0.0000   0.0000   0.0000   0.0000   0.0000   0.0000   0.0000   0.0000   0.0000   0.0000 
  0.0031   0.0309   0.2014   0.4450   0.2203   0.0777   0.0160   0.0046   0.0010   0.0001   0.0000   0.0000   0.0000   0.0000   0.0000   0.0000   0.0000   0.0000 
  0.0002   0.0024   0.0306   0.2185   0.3494   0.2488   0.0966   0.0389   0.0114   0.0025   0.0006   0.0001   0.0000   0.0000   0.0000   0.0000   0.0000   0.0000 
  0.0000   0.0004   0.0064   0.0773   0.2498   0.2993   0.1980   0.1068   0.0420   0.0136   0.0047   0.0011   0.0003   0.0001   0.0001   0.0000   0.0000   0.0000 
  0.0000   0.0001   0.0009   0.0159   0.0971   0.1982   0.2435   0.1927   0.1169   0.0625   0.0342   0.0156   0.0084   0.0052   0.0035   0.0025   0.0019   0.0010 
  0.0000   0.0000   0.0002   0.0045   0.0390   0.1065   0.1920   0.1948   0.1543   0.1067   0.0728   0.0426   0.0275   0.0193   0.0144   0.0110   0.0089   0.0054 
  0.0000   0.0000   0.0000   0.0010   0.0113   0.0416   0.1157   0.1533   0.1569   0.1346   0.1081   0.0761   0.0560   0.0429   0.0345   0.0281   0.0237   0.0160 
  0.0000   0.0000   0.0000   0.0001   0.0025   0.0135   0.0617   0.1058   0.1343   0.1359   0.1231   0.0993   0.0805   0.0661   0.0562   0.0481   0.0420   0.0309 
  0.0000   0.0000   0.0000   0.0000   0.0006   0.0046   0.0338   0.0722   0.1079   0.1232   0.1220   0.1094   0.0958   0.0835   0.0742   0.0662   0.0596   0.0470 
  0.0000   0.0000   0.0000   0.0000   0.0001   0.0011   0.0154   0.0424   0.0761   0.0995   0.1096   0.1114   0.1070   0.1003   0.0944   0.0884   0.0830   0.0715 
  0.0000   0.0000   0.0000   0.0000   0.0000   0.0003   0.0083   0.0274   0.0561   0.0808   0.0961   0.1072   0.1101   0.1091   0.1070   0.1039   0.1007   0.0930 
  0.0000   0.0000   0.0000   0.0000   0.0000   0.0001   0.0051   0.0192   0.0430   0.0664   0.0838   0.1005   0.1091   0.1135   0.1154   0.1157   0.1152   0.1130 
  0.0000   0.0000   0.0000   0.0000   0.0000   0.0001   0.0035   0.0143   0.0346   0.0564   0.0745   0.0946   0.1071   0.1154   0.1205   0.1237   0.1259   0.1293 
  0.0000   0.0000   0.0000   0.0000   0.0000   0.0000   0.0025   0.0110   0.0283   0.0485   0.0666   0.0889   0.1043   0.1161   0.1241   0.1302   0.1350   0.1446 
  0.0000   0.0000   0.0000   0.0000   0.0000   0.0000   0.0019   0.0089   0.0239   0.0424   0.0601   0.0836   0.1012   0.1158   0.1265   0.1352   0.1424   0.1581 
  0.0000   0.0000   0.0000   0.0000   0.0000   0.0000   0.0010   0.0054   0.0161   0.0311   0.0472   0.0719   0.0932   0.1133   0.1295   0.1444   0.1576   0.1893 
Eigenvalues
      1  0.9611  0.8186  0.5927  0.4212  0.2689  0.1527 0.09267 0.04767 0.01686 0.00339 0.0004586 3.728e-05 8.782e-07 1.582e-07 -8.042e-06 -1.595e-05 -2.541e-05 
Estimated mixing time (estimated):   25.723 +/-    0.090
Matrix:
  0.6333   0.3029   0.0602   0.0033   0.0002   0.0000   0.0000   0.0000   0.0000   0.0000   0.0000   0.0000   0.0000   0.0000   0.0000   0.0000   0.0000   0.0000 
  0.3048   0.4189   0.2434   0.0304   0.0022   0.0004   0.0000   0.0000   0.0000   0.0000   0.0000   0.0000   0.0000   0.0000   0.0000   0.0000   0.0000   0.0000 
  0.0612   0.2460   0.4513   0.2022   0.0313   0.0069   0.0010   0.0002   0.0000   0.0000   0.0000   0.0000   0.0000   0.0000   0.0000   0.0000   0.0000   0.0000 
  0.0034   0.0306   0.2017   0.4468   0.2207   0.0759   0.0156   0.0042   0.0010   0.0001   0.0000   0.0000   0.0000   0.0000   0.0000   0.0000   0.0000   0.0000 
  0.0002   0.0022   0.0310   0.2191   0.3465   0.2541   0.0932   0.0393   0.0115   0.0023   0.0006   0.0001   0.0000   0.0000   0.0000   0.0000   0.0000   0.0000 
  0.0000   0.0004   0.0069   0.0762   0.2570   0.2940   0.2012   0.1032   0.0411   0.0134   0.0045   0.0015   0.0003   0.0001   0.0000   0.0001   0.0001   0.0000 
  0.0000   0.0000   0.0010   0.0154   0.0932   0.1989   0.2499   0.1905   0.1184   0.0618   0.0328   0.0155   0.0087   0.0053   0.0034   0.0029   0.0012   0.0011 
  0.0000   0.0000   0.0002   0.0042   0.0394   0.1025   0.1913   0.1952   0.1538   0.1078   0.0745   0.0419   0.0289   0.0198   0.0157   0.0102   0.0090   0.0055 
  0.0000   0.0000   0.0000   0.0010   0.0114   0.0403   0.1174   0.1518   0.1575   0.1348   0.1079   0.0755   0.0567   0.0419   0.0361   0.0275   0.0241   0.0160 
  0.0000   0.0000   0.0000   0.0001   0.0023   0.0131   0.0613   0.1065   0.1349   0.1366   0.1250   0.0985   0.0805   0.0660   0.0553   0.0489   0.0408   0.0300 
  0.0000   0.0000   0.0000   0.0000   0.0006   0.0044   0.0326   0.0739   0.1084   0.1255   0.1194   0.1087   0.0947   0.0841   0.0760   0.0670   0.0581   0.0465 
  0.0000   0.0000   0.0000   0.0000   0.0001   0.0014   0.0154   0.0416   0.0760   0.0990   0.1088   0.1148   0.1067   0.1000   0.0921   0.0876   0.0817   0.0749 
  0.0000   0.0000   0.0000   0.0000   0.0000   0.0003   0.0086   0.0287   0.0570   0.0808   0.0946   0.1064   0.1103   0.1090   0.1060   0.1064   0.0998   0.0922 
  0.0000   0.0000   0.0000   0.0000   0.0000   0.0001   0.0053   0.0197   0.0422   0.0663   0.0842   0.1000   0.1092   0.1138   0.1174   0.1160   0.1146   0.1110 
  0.0000   0.0000   0.0000   0.0000   0.0000   0.0000   0.0034   0.0156   0.0365   0.0558   0.0763   0.0923   0.1065   0.1177   0.1194   0.1214   0.1261   0.1293 
  0.0000   0.0000   0.0000   0.0000   0.0000   0.0001   0.0028   0.0102   0.0277   0.0493   0.0672   0.0878   0.1069   0.1162   0.1213   0.1303   0.1330   0.1472 
  0.0000   0.0000   0.0000   0.0000   0.0000   0.0001   0.0013   0.0091   0.0245   0.0415   0.0588   0.0825   0.1010   0.1157   0.1270   0.1340   0.1458   0.1590 
  0.0000   0.0000   0.0000   0.0000   0.0000   0.0000   0.0011   0.0055   0.0162   0.0302   0.0467   0.0751   0.0926   0.1112   0.1293   0.1473   0.1579   0.1869 
Eigenvalues
      1  0.9612  0.8184  0.5928  0.4226  0.2712  0.1536 0.08659 0.04718 0.01525 0.006426 0.004835 0.00323 0.001657 -0.001011 -0.003564 -0.003786 -0.005787 
Estimated mixing time (empirical):   25.775 +/-    0.144
average end-to-end trip time is:   195.99 +/-     5.80 (1275 trips)
average forward end-to-end trip time is:   108.75 +/-     3.18 (638 trips)
average reverse end-to-end trip time is:   283.36 +/-    10.05 (637 trips)
autocorrelation time of states:    67.33 +/-     3.60
Analyzed 250000 stuctures
(array([36935,  9867,  8160,  7699,  7966,  8315,  9498, 10359, 11633,
       12710, 12788, 13328, 13202, 13917, 14922, 15475, 14819, 12341,
        8398,  4765,  1961,   722,   170,    48,     3]), array([ -0.5,   0.5,   1.5,   2.5,   3.5,   4.5,   5.5,   6.5,   7.5,
         8.5,   9.5,  10.5,  11.5,  12.5,  13.5,  14.5,  15.5,  16.5,
        17.5,  18.5,  19.5,  20.5,  21.5,  22.5,  23.5,  24.5]))
Time correlation of number of particles less than   0.50:    63.08 +/-   3.321

