Select group for output
Selected 0: 'System'
read in 5000000 states
Matrix:
  0.4974   0.4318   0.0673   0.0032   0.0002   0.0000   0.0000   0.0000   0.0000   0.0000   0.0000   0.0000   0.0000   0.0000   0.0000   0.0000   0.0000   0.0000 
  0.4349   0.1929   0.3351   0.0342   0.0025   0.0004   0.0000   0.0000   0.0000   0.0000   0.0000   0.0000   0.0000   0.0000   0.0000   0.0000   0.0000   0.0000 
  0.0684   0.3380   0.2704   0.2817   0.0341   0.0063   0.0008   0.0002   0.0000   0.0000   0.0000   0.0000   0.0000   0.0000   0.0000   0.0000   0.0000   0.0000 
  0.0033   0.0345   0.2816   0.2740   0.2974   0.0865   0.0169   0.0047   0.0009   0.0002   0.0000   0.0000   0.0000   0.0000   0.0000   0.0000   0.0000   0.0000 
  0.0002   0.0025   0.0338   0.2942   0.1602   0.3405   0.1125   0.0419   0.0111   0.0026   0.0005   0.0001   0.0000   0.0000   0.0000   0.0000   0.0000   0.0000 
  0.0000   0.0004   0.0063   0.0862   0.3431   0.1201   0.2558   0.1234   0.0445   0.0141   0.0044   0.0011   0.0004   0.0001   0.0001   0.0000   0.0000   0.0000 
  0.0000   0.0000   0.0008   0.0170   0.1139   0.2570   0.0889   0.2459   0.1350   0.0672   0.0352   0.0159   0.0088   0.0052   0.0036   0.0026   0.0020   0.0011 
  0.0000   0.0000   0.0002   0.0047   0.0423   0.1235   0.2448   0.0595   0.1886   0.1216   0.0793   0.0457   0.0291   0.0199   0.0147   0.0114   0.0092   0.0056 
  0.0000   0.0000   0.0000   0.0009   0.0111   0.0441   0.1333   0.1871   0.0460   0.1591   0.1224   0.0840   0.0603   0.0453   0.0357   0.0293   0.0246   0.0166 
  0.0000   0.0000   0.0000   0.0002   0.0026   0.0139   0.0661   0.1202   0.1586   0.0380   0.1418   0.1114   0.0881   0.0715   0.0595   0.0511   0.0444   0.0327 
  0.0000   0.0000   0.0000   0.0000   0.0005   0.0044   0.0346   0.0784   0.1220   0.1418   0.0309   0.1241   0.1062   0.0916   0.0800   0.0712   0.0639   0.0504 
  0.0000   0.0000   0.0000   0.0000   0.0001   0.0011   0.0157   0.0452   0.0838   0.1115   0.1242   0.0237   0.1196   0.1110   0.1027   0.0956   0.0893   0.0766 
  0.0000   0.0000   0.0000   0.0000   0.0000   0.0004   0.0086   0.0289   0.0602   0.0883   0.1064   0.1198   0.0193   0.1224   0.1187   0.1146   0.1107   0.1017 
  0.0000   0.0000   0.0000   0.0000   0.0000   0.0001   0.0052   0.0197   0.0453   0.0717   0.0919   0.1113   0.1224   0.0180   0.1303   0.1299   0.1289   0.1255 
  0.0000   0.0000   0.0000   0.0000   0.0000   0.0001   0.0035   0.0145   0.0357   0.0597   0.0802   0.1029   0.1188   0.1304   0.0194   0.1421   0.1445   0.1482 
  0.0000   0.0000   0.0000   0.0000   0.0000   0.0000   0.0026   0.0114   0.0294   0.0514   0.0716   0.0961   0.1151   0.1303   0.1426   0.0235   0.1574   0.1685 
  0.0000   0.0000   0.0000   0.0000   0.0000   0.0000   0.0020   0.0091   0.0247   0.0448   0.0645   0.0900   0.1113   0.1296   0.1453   0.1578   0.0318   0.1891 
  0.0000   0.0000   0.0000   0.0000   0.0000   0.0000   0.0011   0.0055   0.0167   0.0329   0.0507   0.0770   0.1020   0.1258   0.1485   0.1683   0.1885   0.0830 
Eigenvalues
      1  0.9538  0.7872  0.5142  0.3063  0.1133 -0.01351 -0.08498  -0.103  -0.107  -0.113 -0.1163 -0.1264 -0.1371 -0.1378  -0.192 -0.2519 -0.2947 
Estimated mixing time (estimated):   21.659 +/-    0.060
Matrix:
  0.4961   0.4323   0.0681   0.0032   0.0003   0.0000   0.0000   0.0000   0.0000   0.0000   0.0000   0.0000   0.0000   0.0000   0.0000   0.0000   0.0000   0.0000 
  0.4336   0.1906   0.3383   0.0345   0.0026   0.0003   0.0000   0.0000   0.0000   0.0000   0.0000   0.0000   0.0000   0.0000   0.0000   0.0000   0.0000   0.0000 
  0.0692   0.3428   0.2642   0.2824   0.0341   0.0064   0.0007   0.0001   0.0000   0.0000   0.0000   0.0000   0.0000   0.0000   0.0000   0.0000   0.0000   0.0000 
  0.0032   0.0349   0.2817   0.2710   0.2979   0.0890   0.0166   0.0048   0.0006   0.0003   0.0000   0.0000   0.0000   0.0000   0.0000   0.0000   0.0000   0.0000 
  0.0003   0.0026   0.0336   0.2941   0.1618   0.3381   0.1109   0.0435   0.0115   0.0031   0.0004   0.0001   0.0000   0.0000   0.0000   0.0000   0.0000   0.0000 
  0.0000   0.0003   0.0063   0.0884   0.3401   0.1219   0.2578   0.1206   0.0441   0.0137   0.0048   0.0011   0.0006   0.0001   0.0001   0.0000   0.0000   0.0000 
  0.0000   0.0000   0.0007   0.0166   0.1126   0.2604   0.0918   0.2456   0.1329   0.0648   0.0349   0.0159   0.0091   0.0051   0.0035   0.0023   0.0022   0.0016 
  0.0000   0.0000   0.0001   0.0048   0.0438   0.1209   0.2437   0.0578   0.1934   0.1207   0.0793   0.0470   0.0291   0.0195   0.0139   0.0110   0.0095   0.0054 
  0.0000   0.0000   0.0000   0.0006   0.0116   0.0439   0.1311   0.1921   0.0442   0.1573   0.1237   0.0832   0.0609   0.0465   0.0360   0.0291   0.0235   0.0164 
  0.0000   0.0000   0.0000   0.0003   0.0031   0.0136   0.0638   0.1198   0.1571   0.0380   0.1431   0.1111   0.0887   0.0732   0.0607   0.0518   0.0439   0.0319 
  0.0000   0.0000   0.0000   0.0000   0.0004   0.0047   0.0342   0.0783   0.1230   0.1424   0.0324   0.1254   0.1055   0.0906   0.0772   0.0721   0.0642   0.0496 
  0.0000   0.0000   0.0000   0.0000   0.0001   0.0011   0.0157   0.0467   0.0832   0.1113   0.1262   0.0213   0.1205   0.1094   0.1012   0.0963   0.0883   0.0787 
  0.0000   0.0000   0.0000   0.0000   0.0000   0.0006   0.0089   0.0289   0.0607   0.0885   0.1058   0.1201   0.0185   0.1235   0.1169   0.1151   0.1109   0.1017 
  0.0000   0.0000   0.0000   0.0000   0.0000   0.0001   0.0050   0.0193   0.0465   0.0733   0.0911   0.1093   0.1238   0.0177   0.1348   0.1279   0.1308   0.1202 
  0.0000   0.0000   0.0000   0.0000   0.0000   0.0001   0.0035   0.0139   0.0362   0.0610   0.0780   0.1016   0.1177   0.1355   0.0180   0.1439   0.1454   0.1452 
  0.0000   0.0000   0.0000   0.0000   0.0000   0.0000   0.0022   0.0109   0.0290   0.0517   0.0724   0.0960   0.1151   0.1277   0.1428   0.0245   0.1526   0.1750 
  0.0000   0.0000   0.0000   0.0000   0.0000   0.0000   0.0022   0.0095   0.0237   0.0443   0.0651   0.0889   0.1121   0.1318   0.1458   0.1542   0.0340   0.1886 
  0.0000   0.0000   0.0000   0.0000   0.0000   0.0000   0.0016   0.0053   0.0164   0.0320   0.0499   0.0787   0.1020   0.1203   0.1445   0.1755   0.1872   0.0867 
Eigenvalues
      1  0.9537   0.787  0.5123  0.3054  0.1146 -0.01395 -0.08203  -0.101 -0.1067  -0.113 -0.1202 -0.1257 -0.1372 -0.1397 -0.1925 -0.2547 -0.2958 
Estimated mixing time (empirical):   21.593 +/-    0.105
average end-to-end trip time is:   169.21 +/-     4.70 (1477 trips)
average forward end-to-end trip time is:    98.80 +/-     2.73 (739 trips)
average reverse end-to-end trip time is:   239.72 +/-     8.21 (738 trips)
autocorrelation time of states:    66.84 +/-     2.43
Analyzed 250000 stuctures
(array([37053, 10132,  8032,  7848,  8076,  8451,  9217, 10267, 11471,
       12519, 12848, 13047, 13137, 14010, 14977, 15464, 14669, 12466,
        8569,  4783,  2074,   665,   182,    38,     6]), array([ -0.5,   0.5,   1.5,   2.5,   3.5,   4.5,   5.5,   6.5,   7.5,
         8.5,   9.5,  10.5,  11.5,  12.5,  13.5,  14.5,  15.5,  16.5,
        17.5,  18.5,  19.5,  20.5,  21.5,  22.5,  23.5,  24.5]))
Time correlation of number of particles less than   0.50:    62.10 +/-   2.487

