read in 500000 states
Matrix:
  0.7558   0.2442   0.0000   0.0000   0.0000   0.0000 
  0.2456   0.6184   0.1360   0.0000   0.0000   0.0000 
  0.0000   0.1359   0.6003   0.2638   0.0000   0.0000 
  0.0000   0.0000   0.2625   0.3732   0.3643   0.0000 
  0.0000   0.0000   0.0000   0.3646   0.2449   0.3905 
  0.0000   0.0000   0.0000   0.0000   0.3904   0.6096 
Eigenvalues
      1   0.941  0.7343  0.4423  0.2942 -0.2096 
Estimated mixing time (estimated):    1.694 +/-    0.007
Matrix:
  0.7547   0.2453   0.0000   0.0000   0.0000   0.0000 
  0.2467   0.6169   0.1364   0.0000   0.0000   0.0000 
  0.0000   0.1362   0.6020   0.2618   0.0000   0.0000 
  0.0000   0.0000   0.2610   0.3742   0.3647   0.0000 
  0.0000   0.0000   0.0000   0.3654   0.2429   0.3917 
  0.0000   0.0000   0.0000   0.0000   0.3909   0.6091 
Eigenvalues
      1  0.9409  0.7342  0.4408  0.2949  -0.211 
Estimated mixing time (empirical):    1.693 +/-    0.008
average end-to-end trip time is:    11.90 +/-     0.23 (2101 trips)
average forward end-to-end trip time is:    10.18 +/-     0.26 (1051 trips)
average reverse end-to-end trip time is:    13.61 +/-     0.37 (1050 trips)
autocorrelation time of states:     6.73 +/-     0.39
(array([40695, 15828, 21169, 23872, 16219,  5992,  1123,   100,     3]), array([-0.5,  0.5,  1.5,  2.5,  3.5,  4.5,  5.5,  6.5,  7.5,  8.5]))
Time correlation of number of particles less than   0.30:    5.87 +/-  0.428
