read in 500000 states
Matrix:
  0.8338   0.1662   0.0000   0.0000   0.0000   0.0000 
  0.1671   0.7314   0.1015   0.0000   0.0000   0.0000 
  0.0000   0.1011   0.7189   0.1800   0.0000   0.0000 
  0.0000   0.0000   0.1802   0.5951   0.2246   0.0000 
  0.0000   0.0000   0.0000   0.2244   0.5454   0.2302 
  0.0000   0.0000   0.0000   0.0000   0.2304   0.7696 
Eigenvalues
      1  0.9586  0.8265  0.6279  0.5271  0.2541 
Estimated mixing time (estimated):    2.417 +/-    0.009
Matrix:
  0.8343   0.1657   0.0000   0.0000   0.0000   0.0000 
  0.1667   0.7320   0.1013   0.0000   0.0000   0.0000 
  0.0000   0.1010   0.7212   0.1778   0.0000   0.0000 
  0.0000   0.0000   0.1778   0.5984   0.2238   0.0000 
  0.0000   0.0000   0.0000   0.2237   0.5473   0.2290 
  0.0000   0.0000   0.0000   0.0000   0.2292   0.7708 
Eigenvalues
      1  0.9589  0.8272  0.6298    0.53  0.2583 
Estimated mixing time (empirical):    2.430 +/-    0.011
average end-to-end trip time is:    14.94 +/-     0.33 (1673 trips)
average forward end-to-end trip time is:    13.42 +/-     0.40 (837 trips)
average reverse end-to-end trip time is:    16.47 +/-     0.52 (836 trips)
autocorrelation time of states:     8.71 +/-     0.58
(array([42202, 16174, 20974, 23332, 15451,  5729,  1064,    74,     1]), array([-0.5,  0.5,  1.5,  2.5,  3.5,  4.5,  5.5,  6.5,  7.5,  8.5]))
Time correlation of number of particles less than   0.30:    7.15 +/-  0.438