read in 500000 states
Matrix:
  0.6517   0.3100   0.0322   0.0052   0.0009   0.0001 
  0.3155   0.4892   0.1545   0.0330   0.0067   0.0011 
  0.0327   0.1542   0.4081   0.2301   0.1169   0.0581 
  0.0052   0.0328   0.2287   0.2781   0.2503   0.2049 
  0.0009   0.0066   0.1159   0.2498   0.3060   0.3208 
  0.0001   0.0010   0.0575   0.2043   0.3206   0.4164 
Eigenvalues
      1  0.8704  0.4156  0.2069  0.0542 0.002372 
Estimated mixing time (estimated):    0.772 +/-    0.005
Matrix:
  0.6514   0.3105   0.0322   0.0051   0.0008   0.0001 
  0.3160   0.4890   0.1538   0.0336   0.0065   0.0011 
  0.0326   0.1530   0.4091   0.2296   0.1173   0.0585 
  0.0051   0.0333   0.2286   0.2774   0.2496   0.2059 
  0.0008   0.0065   0.1171   0.2502   0.3046   0.3208 
  0.0001   0.0011   0.0581   0.2053   0.3191   0.4163 
Eigenvalues
      1  0.8704  0.4148  0.2063 0.05398 0.002401 
Estimated mixing time (empirical):    0.771 +/-    0.004
average end-to-end trip time is:     7.20 +/-     0.12 (3473 trips)
average forward end-to-end trip time is:     6.26 +/-     0.13 (1737 trips)
average reverse end-to-end trip time is:     8.14 +/-     0.19 (1736 trips)
autocorrelation time of states:     6.24 +/-     0.24
(array([42350, 15754, 20743, 23473, 15777,  5820,   999,    83,     2]), array([-0.5,  0.5,  1.5,  2.5,  3.5,  4.5,  5.5,  6.5,  7.5,  8.5]))
Time correlation of number of particles less than   0.30:    5.36 +/-  0.195
