read in 500000 states
Matrix:
  0.5194   0.4411   0.0329   0.0055   0.0011   0.0001 
  0.4533   0.2991   0.2040   0.0355   0.0071   0.0011 
  0.0335   0.2021   0.2599   0.3061   0.1355   0.0628 
  0.0055   0.0349   0.3037   0.0697   0.3320   0.2542 
  0.0011   0.0070   0.1341   0.3312   0.0645   0.4621 
  0.0001   0.0011   0.0621   0.2533   0.4615   0.2219 
Eigenvalues
      1  0.8437   0.271 -0.08341 -0.2385 -0.3583 
Estimated mixing time (estimated):    0.640 +/-    0.002
Matrix:
  0.5201   0.4403   0.0333   0.0052   0.0011   0.0000 
  0.4524   0.3036   0.2009   0.0351   0.0069   0.0011 
  0.0340   0.1998   0.2593   0.3074   0.1358   0.0638 
  0.0053   0.0347   0.3051   0.0700   0.3324   0.2526 
  0.0011   0.0068   0.1341   0.3308   0.0627   0.4645 
  0.0000   0.0011   0.0629   0.2509   0.4636   0.2216 
Eigenvalues
      1  0.8449  0.2706 -0.07902 -0.2372  -0.362 
Estimated mixing time (empirical):    0.645 +/-    0.003
average end-to-end trip time is:     6.58 +/-     0.10 (3800 trips)
average forward end-to-end trip time is:     5.63 +/-     0.12 (1900 trips)
average reverse end-to-end trip time is:     7.52 +/-     0.17 (1900 trips)
autocorrelation time of states:     4.61 +/-     0.21
(array([41566, 15856, 21227, 23677, 15750,  5773,  1074,    78]), array([-0.5,  0.5,  1.5,  2.5,  3.5,  4.5,  5.5,  6.5,  7.5]))
Time correlation of number of particles less than   0.30:    4.406 +/-  0.168



