Select group for output
Selected 0: 'System'
read in 5000000 states
Matrix:
  0.7662   0.2338   0.0000   0.0000   0.0000   0.0000 
  0.2354   0.6285   0.1361   0.0000   0.0000   0.0000 
  0.0000   0.1355   0.6050   0.2595   0.0000   0.0000 
  0.0000   0.0000   0.2619   0.3704   0.3677   0.0000 
  0.0000   0.0000   0.0000   0.3595   0.2496   0.3909 
  0.0000   0.0000   0.0000   0.0000   0.3929   0.6071 
Eigenvalues
      1  0.9415  0.7367  0.4567  0.2995 -0.2076 
Estimated mixing time (estimated):   85.525 +/-    1.451
Matrix:
  0.7656   0.2344   0.0000   0.0000   0.0000   0.0000 
  0.2360   0.6302   0.1338   0.0000   0.0000   0.0000 
  0.0000   0.1347   0.5980   0.2673   0.0000   0.0000 
  0.0000   0.0000   0.2663   0.3689   0.3648   0.0000 
  0.0000   0.0000   0.0000   0.3605   0.2465   0.3931 
  0.0000   0.0000   0.0000   0.0000   0.3916   0.6084 
Eigenvalues
      1  0.9417  0.7362  0.4565  0.2937 -0.2105 
Estimated mixing time (empirical):   85.797 +/-    2.312
average end-to-end trip time is:   330.02 +/-    16.07 (303 trips)
average forward end-to-end trip time is:   258.19 +/-    19.00 (152 trips)
average reverse end-to-end trip time is:   402.32 +/-    24.66 (151 trips)
autocorrelation time of states:   177.66 +/-    17.61
on structure 100000
(array([31223, 12466, 17161, 19875, 13340,  4986,   865,    81,     4]), array([-0.5,  0.5,  1.5,  2.5,  3.5,  4.5,  5.5,  6.5,  7.5,  8.5]))
Time correlation of number of particles less than   0.30:   105.32 +/-  12.057

