Select group for output
Selected 0: 'System'
read in 5000000 states
Matrix:
  0.5192   0.4420   0.0327   0.0051   0.0010   0.0001 
  0.4549   0.2952   0.2054   0.0357   0.0079   0.0009 
  0.0332   0.2030   0.2639   0.3018   0.1357   0.0623 
  0.0051   0.0351   0.3000   0.0686   0.3346   0.2566 
  0.0010   0.0078   0.1347   0.3341   0.0644   0.4579 
  0.0001   0.0008   0.0617   0.2555   0.4565   0.2255 
Eigenvalues
      1  0.8435  0.2717 -0.08772 -0.2358 -0.3549 
Estimated mixing time (estimated):   31.940 +/-    0.221
Matrix:
  0.5288   0.4341   0.0308   0.0053   0.0009   0.0001 
  0.4506   0.2968   0.2049   0.0372   0.0095   0.0009 
  0.0316   0.2021   0.2575   0.3065   0.1450   0.0573 
  0.0053   0.0362   0.3016   0.0678   0.3322   0.2569 
  0.0009   0.0092   0.1420   0.3306   0.0678   0.4496 
  0.0001   0.0009   0.0568   0.2587   0.4550   0.2285 
Eigenvalues
      1  0.8429  0.2717 -0.07973 -0.2422 -0.3454 
Estimated mixing time (empirical):   31.822 +/-    0.417
average end-to-end trip time is:   115.72 +/-     3.42 (863 trips)
average forward end-to-end trip time is:    90.82 +/-     3.51 (432 trips)
average reverse end-to-end trip time is:   140.68 +/-     5.62 (431 trips)
autocorrelation time of states:    51.38 +/-     1.89
on structure 100000
(array([32339, 12631, 16902, 19526, 12932,  4751,   852,    67,     1]), array([-0.5,  0.5,  1.5,  2.5,  3.5,  4.5,  5.5,  6.5,  7.5,  8.5]))
Time correlation of number of particles less than   0.30:    37.41 +/-   1.354

