Select group for output
Selected 0: 'System'
read in 5000000 states
Matrix:
  0.6563   0.3065   0.0321   0.0043   0.0007   0.0001 
  0.3129   0.4898   0.1567   0.0327   0.0069   0.0010 
  0.0326   0.1560   0.4068   0.2321   0.1159   0.0565 
  0.0044   0.0322   0.2302   0.2797   0.2501   0.2034 
  0.0007   0.0068   0.1145   0.2493   0.3062   0.3224 
  0.0001   0.0010   0.0557   0.2021   0.3213   0.4199 
Eigenvalues
      1  0.8714  0.4202  0.2107 0.05453 0.001913 
Estimated mixing time (estimated):   38.877 +/-    0.635
Matrix:
  0.6601   0.3045   0.0294   0.0056   0.0004   0.0000 
  0.3163   0.4810   0.1635   0.0307   0.0071   0.0014 
  0.0301   0.1611   0.4077   0.2303   0.1123   0.0585 
  0.0057   0.0301   0.2291   0.2796   0.2591   0.1965 
  0.0004   0.0068   0.1092   0.2533   0.3059   0.3243 
  0.0000   0.0014   0.0579   0.1953   0.3297   0.4158 
Eigenvalues
      1  0.8718  0.4242  0.2049 0.05952 -0.01039 
Estimated mixing time (empirical):   39.002 +/-    0.880
average end-to-end trip time is:   141.10 +/-     4.67 (707 trips)
average forward end-to-end trip time is:   109.87 +/-     4.44 (354 trips)
average reverse end-to-end trip time is:   172.41 +/-     7.88 (353 trips)
autocorrelation time of states:    69.20 +/-     6.07
on structure 100000
(array([31720, 12531, 17204, 19495, 13290,  4823,   869,    66,     3]), array([-0.5,  0.5,  1.5,  2.5,  3.5,  4.5,  5.5,  6.5,  7.5,  8.5]))
Time correlation of number of particles less than   0.30:    49.14 +/-   3.817

