Select group for output
Selected 0: 'System'
read in 5000000 states
Matrix:
  0.8335   0.1665   0.0000   0.0000   0.0000   0.0000 
  0.1667   0.7319   0.1014   0.0000   0.0000   0.0000 
  0.0000   0.1016   0.7162   0.1822   0.0000   0.0000 
  0.0000   0.0000   0.1813   0.5925   0.2263   0.0000 
  0.0000   0.0000   0.0000   0.2262   0.5408   0.2330 
  0.0000   0.0000   0.0000   0.0000   0.2337   0.7663 
Eigenvalues
      1  0.9584   0.825  0.6265   0.524  0.2472 
Estimated mixing time (estimated):  120.273 +/-    1.887
Matrix:
  0.8352   0.1648   0.0000   0.0000   0.0000   0.0000 
  0.1658   0.7354   0.0987   0.0000   0.0000   0.0000 
  0.0000   0.0987   0.7112   0.1900   0.0000   0.0000 
  0.0000   0.0000   0.1873   0.5873   0.2254   0.0000 
  0.0000   0.0000   0.0000   0.2290   0.5378   0.2332 
  0.0000   0.0000   0.0000   0.0000   0.2318   0.7682 
Eigenvalues
      1  0.9586  0.8261   0.627  0.5221  0.2415 
Estimated mixing time (empirical):  120.657 +/-    3.111
average end-to-end trip time is:   454.86 +/-    23.84 (219 trips)
average forward end-to-end trip time is:   408.82 +/-    26.65 (110 trips)
average reverse end-to-end trip time is:   501.33 +/-    39.26 (109 trips)
autocorrelation time of states:   219.94 +/-    10.92
on structure 100000
(array([32745, 12993, 16788, 19079, 12842,  4634,   851,    68,     1]), array([-0.5,  0.5,  1.5,  2.5,  3.5,  4.5,  5.5,  6.5,  7.5,  8.5]))
Time correlation of number of particles less than   0.30:   148.63 +/-   7.878

